Treatment	Group	Player	Proposal R1	Pledge R1	Contribution R1	Contribution R2	Contribution R3	Contribution R4	Contribution R5	Proposal R6	Pledge R6	Contribution R6	Contribution R7	Contribution R8	Contribution R9	Contribution R10
T1	1	1	120	20	2	4	0	2	0	120	20	4	2	2	0	0
T1	1	2	120	20	2	2	2	2	2	120	20	0	0	0	0	0
T1	1	3	120	20	2	2	2	4	2	120	12	0	2	0	0	0
T1	1	4	2	24	2	2	4	2	2	120	24	2	4	2	2	0
T1	1	5	120	0	0	0	0	0	0	120	0	0	0	0	0	0
T1	1	6	120	12	0	2	0	0	0	120	12	0	0	0	0	0
T1	2	1	120	22	0	0	4	2	0	120	22	2	0	2	2	4
T1	2	2	120	20	2	2	2	2	2	120	20	2	2	2	2	2
T1	2	3	125	20	2	2	2	2	2	120	20	2	2	2	2	2
T1	2	4	120	20	2	2	2	2	2	120	20	2	2	2	2	4
T1	2	5	2	20	2	2	0	4	2	120	20	2	2	2	2	2
T1	2	6	120	20	2	2	4	4	4	58	20	4	0	0	0	4
T1	3	1	120	20	2	2	0	2	2	120	20	2	0	4	4	2
T1	3	2	120	20	4	0	2	0	0	120	20	2	0	4	4	4
T1	3	3	120	20	2	2	2	2	2	120	20	4	0	0	4	2
T1	3	4	120	20	2	2	2	2	2	120	20	2	2	2	2	2
T1	3	5	120	20	2	2	4	4	2	120	20	0	2	0	4	2
T1	3	6	120	20	2	2	2	2	2	120	20	4	2	2	4	2
T1	4	1	120	20	0	2	0	0	0	120	20	2	0	4	2	2
T1	4	2	140	20	0	0	0	0	0	120	20	4	2	2	2	0
T1	4	3	120	20	2	2	4	2	2	120	20	2	2	4	2	2
T1	4	4	120	20	2	4	2	4	2	120	20	2	2	4	0	2
T1	4	5	120	20	2	2	2	2	4	120	20	4	2	4	4	2
T1	4	6	120	20	2	2	4	2	4	120	20	4	2	2	2	2
T1	5	1	120	20	2	2	0	2	4	120	20	2	2	2	0	4
T1	5	2	120	20	2	2	2	2	2	120	20	2	2	2	2	2
T1	5	3	120	20	0	4	2	2	0	120	20	2	2	2	2	4
T1	5	4	120	20	2	2	2	2	2	120	20	2	2	2	4	4
T1	5	5	120	20	2	2	2	4	0	120	20	2	2	2	2	2
T1	5	6	120	20	2	2	2	2	2	120	20	2	2	2	2	4
T1	6	1	120	20	2	0	2	0	0	120	20	2	2	2	2	4
T1	6	2	120	20	2	2	2	2	2	120	20	2	2	2	2	2
T1	6	3	120	20	2	2	2	2	2	120	20	2	2	2	0	2
T1	6	4	120	20	2	2	2	2	2	120	20	2	2	2	2	2
T1	6	5	120	20	0	2	2	0	4	120	20	2	0	4	2	2
T1	6	6	140	30	2	4	4	4	4	140	30	4	4	4	4	4
T1	7	1	120	20	2	2	2	2	2	120	20	2	2	2	2	2
T1	7	2	120	20	2	2	2	2	2	120	20	2	2	2	2	2
T1	7	3	120	20	2	2	2	2	2	120	20	2	2	2	2	2
T1	7	4	120	20	2	2	2	2	2	120	20	2	2	2	2	2
T1	7	5	120	20	2	2	2	2	2	120	20	2	2	2	2	2
T1	7	6	120	20	2	2	2	2	2	120	20	2	2	2	2	2
T1	8	1	130	24	4	2	4	4	2	130	24	4	0	2	4	2
T1	8	2	120	20	2	0	2	2	2	120	20	0	2	2	2	2
T1	8	3	120	20	4	2	4	2	0	120	20	2	4	2	4	2
T1	8	4	120	20	2	2	4	0	2	120	20	4	2	0	2	2
T1	8	5	120	20	0	2	0	2	4	120	20	2	2	2	0	2
T1	8	6	120	20	2	2	2	2	2	120	20	4	0	2	2	2
T1	9	1	132	22	2	4	2	2	2	132	22	2	2	2	2	4
T1	9	2	120	20	0	2	2	2	0	120	20	2	2	2	0	2
T1	9	3	120	20	2	2	0	2	4	120	20	2	2	4	2	2
T1	9	4	120	20	2	2	2	2	2	120	20	2	2	2	2	4
T1	9	5	120	20	2	2	2	2	0	120	20	2	2	2	2	4
T1	9	6	120	20	2	2	2	2	2	120	20	2	2	2	2	4
T1	10	1	120	20	2	2	4	0	4	120	20	0	0	2	0	2
T1	10	2	120	20	4	2	0	2	2	120	20	2	0	4	2	2
T1	10	3	140	30	4	4	4	4	4	140	30	4	4	4	2	0
T1	10	4	120	20	2	2	2	2	2	120	20	2	2	2	2	0
T1	10	5	120	20	2	2	2	2	2	120	20	2	2	2	0	0
T1	10	6	120	20	4	2	4	2	4	120	20	2	4	2	0	0
T2	1	1	100	20	2	4	2	2	2	80	20	2	2	2	2	0
T2	1	2	120	16	2	2	0	2	0	16	16	2	2	0	2	0
T2	1	3	100	20	4	2	4	2	2	100	20	2	2	2	0	2
T2	1	4	120	20	4	2	2	2	2	140	22	2	2	2	0	0
T2	1	5	150	25	2	4	2	4	2	150	25	4	2	2	2	0
T2	1	6	120	20	2	4	2	2	4	150	25	2	2	2	4	2
T2	2	1	200	12	2	2	0	2	0	150	18	2	0	2	0	0
T2	2	2	120	20	2	2	2	2	2	120	20	2	2	2	2	2
T2	2	3	100	10	0	2	0	0	2	120	10	0	2	2	2	0
T2	2	4	100	10	2	0	2	0	2	100	20	0	4	2	0	0
T2	2	5	120	21	2	0	4	0	2	84	14	0	4	0	0	2
T2	2	6	120	20	2	2	2	2	2	120	20	2	2	2	2	2
T2	3	1	180	2	0	0	0	2	0	150	2	0	2	0	0	2
T2	3	2	160	16	2	2	2	2	2	160	16	2	2	2	2	4
T2	3	3	140	22	2	2	2	2	2	140	22	2	2	2	2	2
T2	3	4	120	20	4	2	2	2	2	120	25	4	2	0	2	2
T2	3	5	50	12	2	2	0	2	0	60	14	2	0	2	0	0
T2	3	6	120	24	2	2	2	2	2	100	22	2	0	0	2	0
T2	4	1	140	20	2	2	2	2	2	120	20	4	2	2	2	2
T2	4	2	120	20	2	2	2	2	2	120	20	0	2	2	0	2
T2	4	3	100	18	2	0	2	2	0	100	15	2	2	2	2	0
T2	4	4	110	25	2	4	0	2	2	110	20	2	4	2	2	2
T2	4	5	120	12	2	2	2	0	2	110	12	0	2	2	0	0
T2	4	6	110	15	2	2	2	2	0	100	16	2	2	2	0	2
T2	5	1	110	30	2	2	4	4	2	120	30	4	2	4	2	4
T2	5	2	140	24	2	4	2	2	2	140	24	4	2	2	2	2
T2	5	3	100	24	2	4	0	4	2	100	24	4	2	2	2	2
T2	5	4	150	12	2	2	2	4	0	120	20	2	2	0	2	4
T2	5	5	200	25	0	0	0	4	0	200	24	4	4	4	4	2
T2	5	6	120	20	2	0	2	2	2	110	14	2	2	0	2	0
T2	6	1	180	30	0	0	0	2	2	140	20	0	2	0	2	0
T2	6	2	100	10	2	0	0	2	2	110	14	2	0	2	0	0
T2	6	3	120	24	2	2	2	2	2	120	20	2	0	2	0	0
T2	6	4	150	20	0	0	0	0	0	120	20	0	0	0	0	0
T2	6	5	120	20	2	2	2	2	2	120	20	2	0	0	0	0
T2	6	6	80	12	2	0	2	0	2	80	10	0	2	0	0	0
T2	7	1	180	30	2	2	4	0	2	100	15	2	2	0	2	2
T2	7	2	200	20	2	2	2	2	2	200	20	2	2	2	2	2
T2	7	3	94	18	0	2	2	4	2	80	18	0	2	2	0	0
T2	7	4	12	10	4	0	4	2	0	240	10	4	0	2	4	0
T2	7	5	2	4	2	4	0	2	2	100	10	2	0	4	2	2
T2	7	6	100	10	2	0	4	2	4	110	18	2	2	2	2	2
T2	8	1	120	15	2	0	2	4	2	20	15	2	2	0	2	2
T2	8	2	110	12	2	4	0	2	0	110	13	0	0	0	2	2
T2	8	3	180	20	2	2	4	2	0	120	18	2	2	0	0	4
T2	8	4	156	26	2	2	4	2	2	132	20	2	2	2	2	2
T2	8	5	120	20	2	4	2	0	2	120	20	2	2	0	4	2
T2	8	6	120	20	2	2	2	2	2	120	20	2	2	2	2	0
T2	9	1	130	20	2	2	2	2	2	130	22	2	2	0	4	4
T2	9	2	120	20	2	2	2	0	2	120	20	2	0	2	2	0
T2	9	3	180	30	2	4	4	4	4	180	30	4	4	4	0	0
T2	9	4	120	20	2	2	0	0	2	120	10	0	0	2	0	2
T2	9	5	180	10	2	0	0	2	0	150	5	2	0	0	2	0
T2	9	6	120	20	2	2	4	4	2	120	20	2	2	2	0	0
T2	10	1	120	20	2	4	0	2	0	120	20	4	2	2	2	2
T2	10	2	120	12	2	2	2	2	2	100	16	0	2	0	0	0
T2	10	3	120	20	2	2	2	2	2	120	20	0	2	0	0	0
T2	10	4	180	3	2	2	4	2	2	160	30	2	4	2	2	0
T2	10	5	140	25	2	0	2	0	2	130	22	2	0	2	0	0
T2	10	6	120	20	4	2	2	2	2	120	20	2	2	2	2	2
T3	1	1	120	20	2	2	2	0	2	100	20	0	2	2	0	2
T3	1	2	120	12	2	2	2	2	0	120	12	0	0	2	2	2
T3	1	3	140	18	2	2	2	2	0	140	18	2	2	2	2	4
T3	1	4	120	14	2	0	2	2	2	140	16	2	2	2	0	2
T3	1	5	40	25	4	2	2	2	4	130	35	2	2	2	2	2
T3	1	6	120	18	2	2	0	2	2	125	20	2	4	2	0	0
T3	2	1	0	0	0	0	0	0	0	59	0	0	0	0	0	0
T3	2	2	150	20	4	4	4	4	4	10	20	0	0	0	4	4
T3	2	3	120	20	0	2	2	4	0	125	20	4	0	0	0	4
T3	2	4	90	20	2	2	4	2	4	150	30	2	4	4	0	0
T3	2	5	100	15	0	0	0	0	0	90	5	2	0	2	0	0
T3	2	6	120	20	2	2	2	2	2	120	24	2	0	4	4	4
T3	3	1	150	20	2	2	2	0	2	100	16	2	2	2	2	2
T3	3	2	120	30	2	4	2	4	2	120	28	2	2	2	4	4
T3	3	3	120	30	2	4	4	2	4	120	30	2	4	4	2	2
T3	3	4	110	18	2	4	0	2	2	160	22	2	2	2	4	0
T3	3	5	120	20	2	2	2	2	2	120	20	2	2	2	2	2
T3	3	6	120	20	2	2	2	2	0	16	16	0	4	4	2	2
T3	4	1	210	32	4	4	2	2	2	156	24	4	4	2	0	2
T3	4	2	160	22	4	4	2	0	2	150	25	2	2	2	4	2
T3	4	3	120	20	0	0	2	2	0	100	10	4	0	2	0	0
T3	4	4	110	20	2	2	2	2	2	120	22	2	2	2	2	4
T3	4	5	100	15	4	4	4	4	0	100	15	4	4	2	0	0
T3	4	6	110	11	0	2	0	0	2	50	15	2	0	0	2	4
T3	5	1	100	4	0	2	4	2	0	160	2	2	4	0	0	2
T3	5	2	150	25	4	4	2	4	2	156	24	4	2	4	2	2
T3	5	3	120	20	2	2	2	0	2	130	20	2	2	2	4	2
T3	5	4	180	30	2	2	2	2	4	140	24	4	4	2	4	4
T3	5	5	120	16	0	2	0	2	0	120	16	0	2	2	2	0
T3	5	6	200	26	2	2	2	2	4	156	40	4	4	4	4	4
T3	6	1	168	28	2	2	4	2	0	156	26	2	0	4	2	0
T3	6	2	120	20	2	2	2	2	2	40	8	2	2	2	0	0
T3	6	3	130	18	0	2	2	2	2	130	16	0	4	0	2	2
T3	6	4	120	20	2	2	2	2	2	120	20	2	2	2	2	2
T3	6	5	90	10	2	0	2	2	2	110	12	2	4	0	0	2
T3	6	6	130	14	2	4	0	0	4	180	25	0	0	4	4	2
T3	7	1	120	20	2	2	2	0	2	100	20	0	0	0	0	0
T3	7	2	160	18	2	4	2	4	2	140	20	4	0	2	4	0
T3	7	3	120	20	0	2	0	4	0	120	15	0	0	0	0	0
T3	7	4	130	20	2	2	2	2	0	120	18	4	2	0	4	0
T3	7	5	120	0	0	0	0	0	0	120	0	0	0	0	0	0
T3	7	6	110	20	2	2	0	0	0	140	8	4	0	0	0	0
T3	8	1	100	30	2	4	2	4	0	120	25	2	4	2	2	0
T3	8	2	121	20	0	2	0	0	0	121	20	0	2	2	2	2
T3	8	3	180	25	2	0	2	2	0	130	0	0	0	0	4	4
T3	8	4	100	20	2	0	2	0	0	120	25	4	4	0	0	0
T3	8	5	90	17	0	0	0	2	2	130	15	0	0	2	0	4
T3	8	6	200	20	4	4	4	2	2	150	20	0	0	0	0	0
T3	9	1	120	0	0	0	0	0	0	120	2	0	0	2	0	0
T3	9	2	140	24	2	4	2	4	4	120	20	4	0	0	2	2
T3	9	3	140	25	2	2	2	2	2	120	20	2	2	2	4	2
T3	9	4	140	15	0	0	4	4	4	150	30	4	4	4	0	2
T3	9	5	140	0	0	2	2	0	2	150	22	4	2	2	2	2
T3	9	6	120	22	4	2	0	4	4	120	22	4	2	0	2	0
T3	10	1	120	30	2	2	2	2	4	120	20	0	2	2	2	2
T3	10	2	120	20	4	2	2	4	0	120	16	2	2	2	2	0
T3	10	3	140	20	2	2	2	2	2	130	12	2	2	2	2	2
T3	10	4	140	30	4	2	4	2	2	140	24	2	2	2	4	4
T3	10	5	120	14	2	2	4	2	4	120	10	2	2	2	0	2
T3	10	6	140	22	2	2	2	2	2	140	22	2	2	4	2	2
T4	1	1	240	40	4	4	4	4	4	240	40	4	4	4	4	4
T4	1	2	150	30	4	4	4	4	4	40	20	2	2	2	2	0
T4	1	3	160	20	4	2	4	2	2	132	10	2	2	2	0	0
T4	1	4	150	20	2	2	4	2	4	124	20	4	4	2	0	0
T4	1	5	140	14	2	2	2	2	2	16	16	2	2	2	0	0
T4	1	6	150	25	2	2	4	4	2	132	22	2	2	0	0	0
T4	2	1	200	10	0	2	0	0	2	132	24	4	2	2	2	4
T4	2	2	120	20	0	0	0	0	0	132	20	4	0	4	0	4
T4	2	3	130	26	2	2	4	2	2	132	24	2	4	2	4	4
T4	2	4	120	20	2	0	4	0	0	110	20	2	0	0	2	0
T4	2	5	60	20	2	2	2	0	2	100	20	2	2	2	2	2
T4	2	6	20	20	2	4	2	0	2	120	20	2	2	2	2	4
T4	3	1	60	8	0	2	0	0	0	132	22	4	4	4	0	4
T4	3	2	140	24	4	4	2	2	2	132	14	2	2	2	2	4
T4	3	3	135	22	2	2	4	2	0	132	12	4	4	0	0	4
T4	3	4	240	24	2	2	2	0	2	132	14	2	2	4	2	2
T4	3	5	100	20	2	2	0	2	2	110	20	2	0	2	0	0
T4	3	6	120	20	2	2	0	2	0	84	14	4	4	2	0	0
T4	4	1	140	22	4	2	2	2	2	120	20	2	2	2	2	2
T4	4	2	120	10	2	2	0	2	0	115	14	4	0	2	2	2
T4	4	3	120	20	2	4	2	4	2	115	18	2	4	2	0	2
T4	4	4	140	25	4	4	2	2	4	120	26	2	2	2	2	0
T4	4	5	120	20	2	2	2	2	2	2	20	2	2	2	2	2
T4	4	6	120	25	2	2	4	2	2	132	12	2	2	2	2	4
T4	5	1	112	15	2	2	2	2	2	112	20	2	2	2	2	2
T4	5	2	120	10	2	0	2	2	0	118	20	4	2	4	4	0
T4	5	3	112	10	2	4	2	2	0	120	15	4	2	4	4	0
T4	5	4	120	20	4	2	4	0	2	130	22	4	2	4	4	0
T4	5	5	120	20	2	2	2	2	2	120	20	2	2	2	4	0
T4	5	6	120	15	0	2	2	0	0	120	14	2	2	2	2	2
T4	6	1	144	24	2	2	4	2	2	132	24	2	4	4	2	0
T4	6	2	120	20	2	2	2	2	0	132	24	4	4	0	0	0
T4	6	3	120	20	0	2	0	0	2	16	16	4	2	4	4	2
T4	6	4	120	20	2	0	2	4	2	120	24	2	4	4	2	2
T4	6	5	150	20	2	0	0	2	2	130	20	4	4	2	4	4
T4	6	6	120	20	2	2	2	0	0	132	20	4	4	2	2	0
T4	7	1	120	22	2	2	0	4	2	124	22	2	2	4	4	4
T4	7	2	120	20	2	0	2	0	2	132	10	2	4	0	0	2
T4	7	3	110	15	2	4	0	2	0	115	18	2	4	2	2	0
T4	7	4	120	20	0	0	0	0	0	20	20	0	0	0	0	0
T4	7	5	120	25	4	4	4	4	2	132	26	0	4	4	0	4
T4	7	6	140	28	2	4	2	2	2	126	24	2	4	2	2	2
T4	8	1	130	20	2	2	2	2	2	132	22	2	2	2	4	4
T4	8	2	120	2	0	2	2	2	2	110	20	4	0	2	0	4
T4	8	3	125	30	2	4	2	4	2	130	24	2	2	2	2	2
T4	8	4	120	22	2	4	2	0	2	130	22	2	4	2	2	4
T4	8	5	140	20	4	0	0	2	4	110	15	0	4	4	0	2
T4	8	6	4	20	4	2	0	0	2	120	20	2	0	4	0	4
T4	9	1	160	2	4	4	2	2	2	128	20	2	2	2	0	0
T4	9	2	120	20	2	2	2	2	2	120	22	4	4	2	0	2
T4	9	3	120	20	2	2	2	2	2	132	22	4	2	2	2	2
T4	9	4	120	20	4	0	2	2	4	132	24	4	4	0	0	4
T4	9	5	120	20	2	2	2	2	4	130	24	2	2	2	4	2
T4	9	6	110	14	2	4	2	2	0	125	20	4	2	2	2	2
T4	10	1	120	20	2	2	0	2	2	120	20	0	2	2	2	4
T4	10	2	140	20	4	4	4	4	2	132	20	2	0	0	0	4
T4	10	3	200	20	2	4	4	4	2	120	20	2	2	0	0	0
T4	10	4	120	20	0	2	0	2	0	132	14	0	4	4	0	4
T4	10	5	150	25	4	4	2	0	2	132	22	4	2	4	2	2
T4	10	6	120	20	2	2	2	0	0	120	20	2	2	0	4	2